0.021860 84
7.665027 52
0.338204 11
0.035328 51
1.287710 128
0.003315 1872
0.000373 1936
0.050818 2753
0.037143 2593
0.049613 508
0.234404 51
0.003035 102
0.098919 775
0.052511 208
0.001420 208
0.003361 832
0.003021 52
0.000236 104
0.000397 52
0.000189 52
0.086563 84
0.000133 168
0.000064 84
0.000066 84
0.000043 84
0.034849 168
0.000097 84
0.020444 420
0.000238 420
0.006049 168
0.000510 168
0.000453 420
0.007125 4095
0.000869 3275
0.113229 84
7.262761 38
0.708954 11
0.000162 156
8.155390 10
0.452296 11
1.379340 66
0.004207 68
0.579784 52
2.654488 12
0.000280 21
1.242515 12
0.000620 21
0.921007 12
0.000824 21
2.459285 12
0.000479 21
1.661463 12
0.104102 62
0.397587 81
0.935397 93
0.716522 69
0.175472 145
0.126650 39
0.199655 57
0.355052 59
0.130384 33
0.536416 79
0.528796 47
0.001250 89
53.803246 58
0.727096 70
9.358167 58
5.452890 70
5.117484 58
8.756270 165
2.735612 78
0.984797 75
0.950814 85
1.665626 45
0.140656 55
0.000025 2
0.266170 461
0.009446 39
3.032051 66
90.442330 107
3.319083 51
1.593648 47
0.751894 92
0.064100 92
2.632367 31
0.054522 92
214.041749 36
0.017512 92
0.054422 92
2.019311 31
0.014263 92
1.767724 36
0.014620 92
1.409994 142
1.384482 232
1.101991 36
0.063902 92
1.128502 36
0.004023 92
1.072974 36
0.000545 92
1.102872 36
0.011104 92
1.240026 36
0.006254 92
1.089504 36
0.007780 92
0.892815 36
0.010395 92
0.684110 120
4.991218 30
0.000031 2
0.000011 2
0.000011 80
0.000010 2
0.000011 37
0.000010 2
0.000010 2
0.000012 80
0.000010 2
0.000012 150
0.000010 2
0.000009 2
0.000011 4
0.000799 81
0.000024 2
0.000011 4
0.520791 54
2.701412 12
0.000486 21
0.911970 12
0.001260 21
0.852213 12
0.000221 21
1.835660 12
0.000441 21
1.147118 12
0.109803 64
0.307069 83
0.985652 97
1.209240 76
0.288136 71
0.290283 76
0.005269 75
0.318826 41
0.384342 59
0.636417 59
0.000874 2
0.225046 35
0.736192 81
0.541512 47
0.000023 2
0.000200 41
0.000014 2
0.000182 48
0.000013 2
63.315075 171
3.146020 82
1.041733 75
0.000062 2
0.957408 85
0.000223 2
1.120594 47
0.098857 59
0.246058 83
0.000138 2
0.002254 81
0.000176 2
0.001544 307
0.010244 41
3.385510 68
5.572726 109
3.239723 51
0.001182 2
1.663515 49
0.806678 92
0.017676 92
2.263127 117
238.291355 38
0.010487 92
0.007996 47
0.046738 184
2.169445 33
0.010820 92
1.829241 38
0.061424 92
1.128791 122
1.051293 38
0.009919 92
1.142318 38
0.012485 246
0.232515 156
162.121506 14
0.510033 11
3.448907 302
0.054421 156
11.290464 18
0.421603 11
2.773922 648
0.134307 49
7.714000 32
2.909211 2
0.109501 714
0.005208 41
12.037830 34
0.597915 2
15.030196 229
1.828094 33
0.878061 2
0.781492 830
0.005911 41
8.167180 29
0.332590 2
1.521009 1234
6.564295 31
0.314878 2
0.013022 644
0.005572 41
9.076246 30
0.355122 2
0.409194 683
22.921629 39
1.787889 2
0.008987 2
19.136764 13
0.549549 4
11.109569 20
0.811007 4
9.189089 13
0.514216 4
7.822334 43
1.322850 4
1.368528 1
0.472082 1
0.404941 1
0.062324 1
0.914654 3
0.137404 3
0.153028 3
1.057034 1
0.447248 1
0.067574 1
0.586261 247
10.699378 4
0.361461 29
87.643439 1
0.057979 1
0.289727 1
0.128142 1
0.443808 3
0.143730 3
0.143560 3
0.146362 3
0.731304 1
0.337075 1
0.147429 1
0.287514 1
0.520909 43
80.564252 40
0.858513 2
0.087488 50
0.541910 56
2.972159 1
0.520525 1
0.161288 1
0.157543 1
0.191828 1
0.635479 40
0.458922 2
0.811515 41
354.609990 39
1.427357 2
0.011733 2
7.398963 4
0.301429 146
8.940054 20
0.314193 4
8.868732 13
0.292187 4
14.925660 43
0.509548 4
8.904115 4
0.318085 2
12.076262 59
24.065717 1
0.426666 1
0.040003 1
0.287392 1
1.188855 3
0.139609 3
0.143743 3
0.156141 3
0.571731 1
0.225404 1
0.531155 1
0.130068 1
0.456774 2
12.021696 59
1.448394 1
0.460585 1
0.072624 1
0.278735 1
0.543826 43
1.698341 39
0.653908 2
0.047803 2
17.855350 20
0.701531 4
6.546830 13
0.281173 4
7.577823 43
0.308295 4
8.763699 4
0.429575 2
0.097200 2
2.124309 1
0.424464 1
0.072293 1
0.349111 1
0.499519 43
77.831524 34
1.254563 2
15.025449 229
17.226965 32
0.651577 2
0.118211 716
0.003002 41
11.760324 33
0.303568 2
0.067341 829
0.006432 41
9.703382 29
0.829663 2
0.581057 1232
8.097073 31
0.354128 2
0.047402 645
0.007653 41
37.464339 31
0.688487 2
0.012068 709
0.005239 41
4.209112 1
0.458823 1
0.043664 1
0.326036 1
0.624935 2
0.003618 73
1.927797 1
0.096259 1
0.338724 1
0.109050 1
0.585319 2
0.046477 8
0.005461 156
1.808722 1
0.094184 1
0.337399 1
0.112250 1
0.389154 11
0.000022 6
