0.079175 8
0.002612 76
18.258037 10
0.500046 11
1.126485 69
0.537321 55
2.259369 12
0.001081 21
1.025624 12
0.000239 21
0.718099 12
0.000793 21
1.657438 12
0.000137 21
4.532338 12
0.092308 65
0.208077 84
0.615665 486
0.911754 85
0.748419 72
0.224459 77
0.000339 37
0.197177 42
0.171879 62
0.002134 60
0.417617 62
0.156603 36
0.521606 82
0.407509 50
0.004187 44
0.005824 51
55.415661 17
0.000114 2
0.001051 78
0.000217 2
0.000396 73
0.000070 2
2.535194 84
0.938984 78
0.927835 88
1.867430 48
0.037781 60
0.309576 482
0.021222 42
4.806039 74
3.505247 52
1.038809 45
1.282767 55
0.176883 53
1.413669 55
0.001097 57
0.008896 58
19.255985 48
0.005748 55
0.004359 83
2.523000 60
1.325273 26
0.024652 47
0.006932 26
0.001390 106
0.001669 105
0.000022 106
0.000680 37
0.001413 105
0.000610 26
0.001880 318
0.002435 47
0.539919 86
0.000915 159
0.038366 90
0.112884 55
0.000346 108
0.004749 89
0.005373 95
0.024384 77
0.198357 51
0.009088 50
0.008075 52
0.008287 45
0.446387 105
0.225251 105
0.000753 24
0.000236 2
0.001873 36
0.008486 54
0.000281 26
0.000255 35
0.355639 55
0.152483 68
8.436458 55
0.000410 56
0.000415 57
0.000331 58
4.662022 48
0.009545 55
0.038117 85
0.005541 129
0.955575 133
0.000215 130
0.003060 352
0.000102 107
0.000647 120
0.000619 120
0.149743 117
0.002083 152
0.001660 98
0.001439 189
0.001130 93
0.638921 60
0.453045 26
0.000988 47
0.096554 26
0.001174 106
0.002219 1201
0.000019 2
0.000205 49
0.000014 2
0.000122 44
0.000012 2
0.000121 45
0.000014 2
1.722197 247
3.145914 106
0.002202 101
0.120185 86
0.001131 2
0.001305 55
0.000312 82
0.001509 163
0.015229 75
0.105745 101
0.244296 97
1.445928 105
1.518414 105
0.309939 105
0.779291 105
0.357085 105
0.612862 105
0.098798 105
0.091403 105
0.066389 105
0.173077 105
0.176761 105
0.137455 689
0.260217 177
0.035293 670
0.006487 127
0.000220 131
0.000696 546
0.402347 231
0.120067 84
10.558227 11
0.262942 11
3.239442 22
0.001534 29
7.892088 1
0.428422 1
0.136276 1
0.344149 1
0.151956 1
0.617890 1
0.359576 1
0.636511 2
0.150447 45
0.789404 26
0.292473 2
0.280240 252
8.851701 8
0.269509 2
0.070928 171
9.653925 10
0.291358 2
0.007915 48
11.568239 40
0.343754 2
0.006567 276
23.005542 60
0.327354 39
0.007683 37
10.477868 37
0.351176 2
0.169331 37
0.012776 2
0.124992 31
0.115397 44
6.774075 31
0.030260 33
0.016639 67
0.552688 236
0.381358 1473
0.416840 2166
0.390087 176
0.016817 175
0.128013 352
0.167356 176
0.172362 176
0.149042 175
0.011749 176
0.028682 176
0.108463 350
0.102438 53
0.096296 49
0.336761 1041
0.377781 2768
0.080185 3809
0.409040 1387
0.166112 1733
0.209494 1733
0.197744 4095
0.002857 60
0.214510 692
0.046153 2422
0.056926 2249
0.024683 519
0.083027 2422
0.046839 1387
0.330618 173
0.011289 3
0.114117 176
0.121125 176
0.011753 176
0.202305 176
0.002303 176
0.123045 176
0.280537 443
0.154402 37
5.574911 60
0.930400 2
0.479413 389
0.149696 37
9.227625 27
0.308412 2
16.336539 37
1.463595 23
0.343916 2
0.181982 37
7.654589 22
0.307063 2
0.013019 1089
8.047063 31
0.321693 2
0.132992 37
0.003818 37
8.898843 28
0.306430 2
3.115791 37
4.687337 28
0.305963 2
0.311821 376
0.088384 37
20.242028 43
0.372411 2
2.898789 37
8.202621 36
0.297409 2
0.387835 168
0.078431 37
10.594372 23
0.304279 2
0.214301 37
8.024877 22
0.308808 2
0.010271 1175
7.972318 43
0.320430 2
3.000358 37
10.124115 36
0.341039 2
0.238295 162
0.057742 37
10.054008 23
0.292971 2
0.276319 153
0.019915 37
17.449244 22
0.692062 2
0.009380 1461
12.623751 35
0.317097 2
0.006596 3400
9.587508 58
0.323173 2
0.214856 165
12.020025 20
0.309326 2
11.739539 37
1.191632 21
0.296579 2
0.248428 37
7.763507 22
0.300041 2
0.011064 1089
8.398129 11
0.254999 2
2.987092 4
0.005150 4095
0.001609 1997
9.978165 17
0.294739 2
0.276122 120
10.534712 37
2.774955 12
0.380844 2
0.002850 72
3.689821 1
0.054659 1
0.487324 1
0.125213 1
1.027492 53
15.312725 12
1.203083 2
0.005780 78
1.343829 1
0.067956 1
0.435665 1
0.127022 1
0.381396 10
0.015956 84
6.287896 1
0.088588 1
0.357069 1
0.145696 1
0.485270 17
